1. feladat

Card number with max. balance: 3587307964640589


2. feladat

Found: 3585787236667647 (jcb) - 3136 CNY
Card not found (4309046973698456)
Found: 3539476365454590 (jcb) - 4496 CNY
Found: 30138244239069 (diners-club-carte-blanche) - 6174 USD
Card not found (8327489459823458)


3. feladat

Sum of EUR: 520598
Sum of USD: 196916
Sum of HUF: 3528
Sum of LIR: 0


4. feladat

3586107813959607
3562079788022307
201424439886002
670989641566087108
4175004565634212
0604189886000521
5250486807283780
589358757743586112
3556421785936303
3587307964640589
4017956343199333
6762227645526011752
3546052814779399
676189294222043860
3580278584097517
5007663657906803
3563638565112968
3585787236667647
30561357511166
6370312220394108
3580913107660686
3555924779057953
3548186080237902
3582549340188826
4405574798608854
30589427984337
67716207283190358
630473301401171412
3552344037492434
3535939922247314
5264373761593392
5108757536315612
3567051559855095
6767364422772414565
3553314245807235
374283561751082
5020241282525091
36581810397197
343468108850053
3541862244578996
3588190297309422
3556302520155674
676147417887813837
3574957152774411
6759728637907601970
5002356082224133
30474437748594
4041595383936
3540146168702027
374283997860366
201764807098445
4041599188021145
3552179940374406
5048374163811641
6382684491906695
3584084298026230
342331815957960
6761739504437202
3578737196919479
490372666533831716
5893772545876438
5602216813349100
3541391595344113
4041377473667702
30190740511368
5893792977346171
3545738458009793
5602243262553032
6399649308278985
3580640288160232
56022477628071223
3579321851396775
30394496824419
5161682575053094
5602217689315282
374288646088715
6767966719329197
3561293472928833
3542188729059404
5602226065513052497
5007663145407422
5602234619117351505
5020699233558398
5602221126295420
5602229452790245
5602238030657818
3558169221690822
4713644913021734
3570839821714818
3565399778183290
58935769700075839
6333876162619517111
30306008467511
3572702597137598
3562544482314805
3561745435497552
3572699950386608
6334820768243896
4041593937626
201644967215353
5610635115063194
3577044050277727
3585184213937898
3582616418748946
374622023425837
377874211580629
6767994183001712
63049787574295161
6709844608490607629
3558017789902255
4405629278407753
6762212573526883219
6763300869746790
201432406973810
3530408828840734
4905615191311862
5602216650611851
5602231088158037
3565801143945535
30208102641068
4026217272789464
3533137129626180
6386281135556220
3569340973689844
561033606916745470
4905800789563420369
3571844798793976
5100144675503654
3541351551314773
3570444460168077
490526967798116388
4026244140173291
3535491986087921
3554492331014236
4405807455146929
6759393910995835
3531209010102084
374288237619407
3536964817112042
3576557950132347
4917120130369713
201926417519520
3539245998114735
3589215600130295
67711424118931063
3541270379568412
5002355271803707
3531886515592883
3559062399477735
4903543235905804610
4905784853898358
3539756566867967
4041596059882993
3541759340254359
201907066523724
4911516599880858
5610043253534102
3544979902615238
3542880026610851
3575195296577445
5602227799552534
30210257507086
374288848386891
3560304551457247
630450930636933175
3551720608201661
343929591384082
3548365102957198
4936670443483009058
4017953215639
201579218281079
6334400107462036464
4913425963560799
3572007899410416
377019738081269
4936625956897636
5002352060979103
30283116863263
201499111187689
6759566518553250
3544340977133948
3532796370455051
4913413975513162
50387007388526496
676244674917793528
3558119653393536
3536222598794292
4175004105673530
3539068226179837
3544137943540846
3573235712922718
5424029840288647
3529030829963472
3544880426074284
3570023253815472
3564518036590498
3568971859171704
6767353174405798
560222864730217415
3581835756041117
564182889289261548
5602237232233345
201669625159370
4936818471607621451
5388869050152247
346897930138575
3546744458213053
30570456101472
4905138639812863724
4026097902564028
3579036556020450
374622238386147
4175002650749929
30253583746481
3560484495664353
3544917056148820
3562950389453127
201978186419713
4917093438092867
5602258366217953
3574801845311316
4913567108907540
3562155229463621
5602239775340362
560224714140690594
3530906908615249
3533050832882331
06049945600248922
5602249206110128
3556481190332977
5602213289376592
30525103800850
3544724969099029
3554439478227642
3560316980632117
56022587496270440
201494083983777
5641826650954086
3568306026319557
201764098294422
6304127794233412
5100144377646454
4936400466090733650
4175003113017086
3539511165373069
3575835884010404
6389650856304951
30224495926461
4041372330011418
5002353265156455
6759770111590913
5292130378499751
5002352988407070
3552316585207752
4844876332546576
6334071591289512
5602238473756366
3576754616077335
5495678034005649
3536370613737786
3548921478248032
372392980550124
3541616988660539
6771243303192495468
6706294044776276122
3577179299534239
374283028429314
377964532528926
5048378088957041
3588326135448432
3534000887478740
3545644846482462
3546393740804244
5602248096358144
3568696214189006
3554252815513602
5602222460598452
5602240169195347
3588438649528276
5100141575891882
5550362508508261
3536210075647331
3559783952117430
676333807448258270
201801119177259
3528998902507534
5610626595365449
3541050087048133
3563068443828140
374622463191931
3540396572447541
372301198301378
5602215115265884283
30103278453069
5437851283757084
6385715159639488
3543646299885234
5641821428321684
374622401942650
3582664101503921
6759887056030050228
201787245137749
5602212224988503
3541174916566972
5010120766313079
0604698747519457230
3537568207056435
3547509908688181
3546675493955714
3583956188565198
5002355279687581
6331106610197474788
201676389967740
3582399677729721
5573796194751458
633357780361392040
3533413786219001
30222136487141
670969390947348698
4041375427656664
5038102249018948468
30476457254288
490598016401542730
3560587635381512
3548675056663786
3545152416310691
6761737613277386
3532678607495060
36095587251842
4041595755018
5007664241416366
5602220269644725
3584633596815890
5579544161846560
633407798891926624
58938924086606486
374622847288221
4122948407588
201929212336876
3550439476412570
3567505529730233
3575783724484225
30433031621722
3531012616658032
3556966721594293
5100141084905165
5602238436236498
3570573191178029
6763326619883179
4903036788112104
3564135836557351
3569514403707810
346409140219755
5100136809931470
374283801954264
3567475586240163
5002357063844444
4936887425646217941
3551326504769494
337941494672503
6333363269328008
3570719023327678
4913195832081562
50208948907551100
3551486226768511
201887668322909
5610244305435856
3586629428699757
3589760637259344
3562612530513973
3578274927827037
3534690887013875
5602253663772663842
5007669720570864
374288911426251
3557763205652146
4911540712904037588
3577168896102136
3533608485576540
4936512727577730534
3588710186400394
3582886794648032
5100177932051919
3553434781815135
3556105466463428
5018649035470866
5384472531227904
3560455895694703
4041376090439446
4026513866098977
3528592121496981
3546886579308757
6387527142475450
67597202727495715
3557153703145555
6771215235255703590
3533737976024056
3558220466397589
201599941386953
3539476365454590
201620875887111
30239561459551
3547033255069457
3582471133734718
5602216102997106
30399024183600
6759954962925633697
5525752057577620
5602235209521270
3531785175172889
3543282527633624
5641824544831321
30022834898619
3561267311658108
4913117898391362
3572668185155906
3539057089109155
3547265653756299
372301119887067
0604398207102250
4508151551989601
3529163322775877
3555187356563336
201709590510890
3557370177218821
63048756724472021
5010122535511041
3541661649173753
3586132444512609
3572956339998515
30194807418186
5602221065391784
5007663446254564
3558480191257439
201958448546792
3585946715519337
3552307169037483
5002353339696825
3577005686402690
3559574831037547
201945242186248
5020196210609737566
633110609322371363
201961815946272
5324776951641441
3586722382032485
4911034512417188149
5602220927712294
4844681454166751
3583312532723879
3554223996706844
3534888074185353
3557647944011385
5002350988312407
3556900683603594
5100144849290048
3566780428249525
201923896307204
5048376237105892
6709170549054842679
5584723508764362
3574463274519537
3539630552941203
6767008205695441
3554265101687203
3582903958225323
675942679214611825
4026345753291872
3582852534595172
5602224345820564
30586682556826
5010126374074946
4414139726961103
4017958303646
3532374701430142
3584400909333858
3533180620662965
30145721056502
3574558730030852
3552929814991820
3571548869350935
6767041280415062
501897454837480831
3570049466697316
4903689813639663
5602252223811132
3548307632883700
3544721409763891
3545352721036540
5404696558093890
337941017836692
493689016530376814
3560076951732318
63042319912317809
3533737511014935
50182945914312005
5476097611544511
5007668124426657
3536696878435249
36745704213915
589326108512331521
6767548296580929
3536244849271045
3580366070000150
3542801574632717
374622637434795
3539695436331020
374288326821468
3567618862884481
3538895109599363
5491557258229495
3569546535172117
372301888235712
3555987423882142
4175000554953373
6376920169713163
3586264219330246
5284584890622334
3543069664061036
201545289934961
374622124359273
3562160826962488
3588744138096919
5602250226747568
4041375817809618
3549189450613560
502093928937829492
3562743460343592
3576901952349832
4026890758224246
3584487150206545
6333613399501985
589315527574242537
3561234195855499
3530350383580307
3588354144150054
6761671933020731
3582608459552592
5602217111529617
5513288960380186
5100137037476981
3541501296943761
3551989566703402
6304287898773174
5602213521975144
3572651963723319
5544077728873241
490376530806212283
5602237627104267
201724824957775
6762088863873064922
3569557948237108
3566918863253608
5520618591880140
3554843988906480
3569198253227283
4405886222462488
3575838716488830
3564305908061471
3577990948188437
201879069371577
3533579178184902
5557174673290473
3570834204862151
5602243766138447
3528546951939213
560222824210507883
3566487699038344
3540032284794140
3574887040679086
3532625432951429
3537142482965841
3530077312713218
6334555296772749
3533355406333920
3578346632061670
5602244544756013
3528128495658961
5595352091247796
201679070945371
67636295629206159
3582538399937084
3529193868556837
201702164966135
374622282083327
3569537165194562
5405626235946912
5129074495298911
6397729523682146
3529569246832950
560225018843103932
5335764794370821
3549215052611460
3555085234990947
3583678019915869
5610439353585664308
3571131753409321
5602217850727885
4903338496400254
3569672106239968
6372451315120875
337941356991280
560225846765374630
5108756703383445
5610849493514542
5495243964947656
3562693610380194
3570870865693162
3558516984253216
493643158780769556
4281130098355
340267649097304
6379003353950482
3553961928547650
3558684333003680
3558578820690530
5120056480461884
3546441013722500
5469567451103734
3534668344695542
67594440885766559
36317692614312
67067415522019800
3553918448947513
3580833244388282
3546099190340759
201639328260130
5602238946159530738
633416577177841890
4026115780562250
5602257867924513
201708289928470
3529862313036112
6767892517881313979
6706860298910143
3586282288496300
3529096832402378
56022138271011540
5602237948975825
3581149569539246
676384227564723767
3581952232011109
3542143511529049
3579671127455866
30334544995225
5007666943548347
374622471585165
3565228074325257
4844302777131352
6767247130100679154
30454022581667
6759061902788521662
4844742621127629
3557082930269047
30450623719292
30379331708877
5602231952862332088
201841963348481
3537827811797374
30412506437426
3579944561206461
501838413343638805
3529891546498856
3529244967715772
5610147811166909
6304072381701613
5223089560573803
5602247981137787
30460657486098
5048377117971718
6333734435990394
6334422076743426402
374622491639646
67068999362191174
4041595131707
6384550333097795
5641826544849066639
5602210236798837
4026781590845035
3551657840943249
50386252679331732
3532111679960654
3561710304959199
30065726097246
3542975999612338
3569634641735819
5602226290588831
3549132435411346
3572044000483842
3543030812328636
3574881665573948
6771545123140038
676706739338537993
3548029823403060
3553798041605266
564182223234641085
3540579712225857
6391308270620710
4041595470691140
67713490713854867
347728228044416
6759802806161773
5641820781065265901
4913104038651533
30006893153669
201682762498949
5641827425752920
373155276418978
06046212794647945
5602246906212360
67065899900850898
3537742956883733
4917551873496455
3536076710576809
560222950269038395
3536002433578823
3588931680789807
3548433402104729
3540428053747717
4405911809314215
201791187986394
675953145137503016
3538470951462217
5113504124647920
4026485950699400
201572250081093
5048379010078146
3534332259768055
3530211705867055
5100145991124497
4917401015609518
4905662905149435500
5307712487883687
3539001638421927
3529494535984570
560223793022762672
4405608381558140
5452879508266672
6304705454708607
6761972216281176
30092329565171
5602238650841445
201745510781765
3567336926534857
3536488483530311
3584466691373949
491133940214900902
30203560490447
5038055956530261561
3551002017381172
3550246026688280
3564623364280918
4913798610813310
502065132388271858
3567364391239513
4818571258199490
67592116248889740
30315970313892
5406464438901453
3574464951573581
4017954848741428
3534294281002913
5260219278496559
4936538551308898984
5100175919194173
5602242412419870
4917207287521574
633110238409989994
6759821138205461106
560225958965096572
3540073652564541
374622524499828
3547354005920942
50380841216355927
3589545628675743
50182104179923987
3535068506413231
3532362242415748
5410026459025241
4905138418695728316
5327322198044250
67621464343425241
30138244239069
56022573260493202
5602227071225510
589381041880580399
201952423255420
372301037877166
3581350643381858
36483465196323
5453346045445051
5602229607014665
4175008391333618
3530409888294853
67068155344686530
3578362651387920
5198780772544704
677168033982377248
5602211568453637
5534705395638388
4405588570852233
3545498121842480
5602245678041569
3531605157807528
3529597926469223
3535138131493153
201908912325504
3575007693417614
5602254391401282
30520838896372
6331108153247321988
4844849645457435
3539951171614900
5602210627616473
3546668532441010
374288974562117
6376331444031571
3564574535657668
3536064031449278
633110920129634329
3532146536166459
3586497862089574
3528185180231611
5596641585191976
3573899777697703
3561628642291218
560224692523231006
3531710200637516
4026541952874274
3565930464543767
344989214398652
5224401289820895
5100176558462715
3572091250386183
3565121523680937
30424834440550
6331104131454065
3566616237547289
6759587292680952164
675913415872099309
201750480872024
5100131628897978
6379884860482527
3539224001382894
633110661059251557
201450419843531
6771265185367177
3570277757378425
3566377791982954
5602212153999463
3573503805889700
6334739528933924495
3566584220583762
3547323451138283
5133983727861672
58935820761443430
5610978340715976
3537484680512557
3539988815958160
3549053328586020
201544710242185
5100146552905449
30529509014017
3577908876222838
374283977155472
5038917462883679
6333588063313364
5563718821404584
3577767030969217
3578563181197289
4844121817475375
5602249642585248
3559379284382501
3552420959858800
6761070991329110
3550668313226179
3588744937291406
6761787271616420045
3589052082138433
4041376351755969
4508378524931853
5282321379658071
3565994105000728
374109528009399
3577652518024083
3558182753741533
5602220372265699
6304795006476142
5272014237606109
201587904456301
3575124746400511
4405679205220753
3536771387870861
3529008387824526
3550846892181482
3589834315522644
6759333299198965
06041084624375491
4017953774233566
30337862861523
4913867180152332
3539856924555468
3575070319202315
56109326704806570
3559570494846745
3570495825795483
201878256383577
3556978213231128
3553144361972954
3534735082171125
5579781715329533
3534081314551226
3557704053899173
3532458306913063
6763519152679703
3562412424827179
3542003067267388
5007663158329620
3549673583301300
201722793722253
6334523957617971607
3543627850022649
3573125257654042
3552312377871764
3542107606196790
3562413902498798
5175380590597880
5610684562040776
4905208652730323
30162742941315
5117211779410143
5002357560328156
201881602045585
490333580942206105
341072104913527
3545357347990228
374288672755104
3553360032057351
490567702355209494
3580136109610117
201488658255223
3545716409665244
3574532435787892
502031552707964902
30351274686113
5602218445112906
3548129680349511
3564800210278904
201796422977249
5610145546484522
3581678707677146
3539159336145121
3528261433512253
6334561905749201
5256459794616233
3542310259513747
5007661837563734
30351952375096
5254258733124685
3532805595154892
3571912562953058
5602213334117140
30188745448974
3555635804178115
3585928155703308
6392631409806242
4175005252187240
6374905605422810
372301352318630
3576458317911186
3573043153022612
5007667381862919
5291879387350600
676196064532311955
5048378457735341
3529640599229159
5461046499538472
5602213351722970
201635414154138
3587933806534522
6759573028826898820
5018195352863842933
201835246769414
630478541100626944
3543635206672827
5602251226017119
3554028356189030
201827539427362
3561796103649529
6761853016970286063
3575522696569559
3542353743675557
56106031925686867
6333335074582471157
6395321186356994
3583090333717999
5010128522849682
3584417641211358
5602214688536865621
56102550115233499


5. feladat

Number of visa cards: 23
Number of mastercard cards: 82
Number of maestro cards: 72
Number of pannon cards: 0


6. feladat

Card exists with balance higher than 5: true
Card exists with balance higher than 5000: true
Card exists with balance higher than 9500: true
Card exists with balance higher than 11000: false


7. feladat

10 cards with lowest balnce:
676147417887813837 (maestro) - 52 THB
5260219278496559 (mastercard) - 52 RUB
6333613399501985 (switch) - 56 RUB
201764807098445 (diners-club-enroute) - 58 CAD
6709170549054842679 (laser) - 68 MNT
67068999362191174 (laser) - 79 SEK
201669625159370 (diners-club-enroute) - 108 IDR
3536771387870861 (jcb) - 115 PLN
56022587496270440 (china-unionpay) - 122 HRK
3536222598794292 (jcb) - 134 ILS


8. feladat

americanexpress
bankcard
china-unionpay
diners-club-carte-blanche
diners-club-enroute
diners-club-international
diners-club-us-ca
instapayment
jcb
laser
maestro
mastercard
solo
switch
visa
visa-electron